nr.pol	powt	population	genotyp	l.k³	l.ziarn	waga z.	d³.k³ 20	d³.k³	lzzk	wzzk	ctn	plon (g)	wys	wyleg	data k³	data kw	rwness	shape
1101	I	MARESI	MARESI	20	434	19,09	161	8,05	21,7	0,95	43,99	320	77	0	13	19	2	r
1504	II	MARESI	MARESI	20	404	15,86	158	7,9	20,2	0,79	39,26	290	71	0	12	17	2	r
1780	III	MARESI	MARESI	20	421	17,01	160	8	21,05	0,85	40,4	305	82	0	13	19	2	r
1118	I	MP	MP104	20	513	25,51	169	8,45	25,65	1,28	49,73	260	72	0	14	19	2	r
1352	II	MP	MP104	20	532	25,87	199	9,95	26,6	1,29	48,63	350	65	0	13	18	2	r
1531	III	MP	MP104	20	522	26,71	176	8,8	26,1	1,34	51,17	305	80	0	13	19	2	r
1080	I	MP	MP105	20	525	24,8	169	8,45	26,25	1,24	47,24	210	75	0	16	19	2	w
1297	II	MP	MP105	20	499	27,83	173	8,65	24,95	1,39	55,77	260	85	0	16	19	2	w
1550	III	MP	MP105	20	492	24,82	160	8	24,6	1,24	50,45	235	82	0	16	19	2	w
1081	I	MP	MP107	20	1081	33,78	111,5	5,58	54,05	1,69	31,25	160	64	0	18	22	6	r
1344	II	MP	MP107	20	1267	39,68	104	5,2	63,35	1,98	31,32	200	62	0	16	22	6	r
1600	III	MP	MP107	19	977	28,7	95	5	51,42	1,51	29,38	180	63	0	14	21	6	r
1194	I	MP	MP110	20	496	26,31	123	6,15	24,8	1,32	53,04	220	85	0	9	16	2	w
1359	II	MP	MP110	20	409	19,35	153	7,65	20,45	0,97	47,31	200	85	1	8	16	2	w
1533	III	MP	MP110	20	454	22,29	154	7,7	22,7	1,11	49,1	210	92	1	8	16	2	w
1206	I	MP	MP112	19	462	25,43	134	7,05	24,32	1,34	55,04	290	67	0	18	21	2	r
1395	II	MP	MP112	20	500	27,4	139,5	6,98	25	1,37	54,8	310	61	0	15	21	2	r
1551	III	MP	MP112	20	504	24,78	139	6,95	25,2	1,24	49,17	300	71	0	16	21	2	r
1200	I	MP	MP113	20	1074	34,9	136	6,8	53,7	1,75	32,5	290	63	0	15	19	6	r
1373	II	MP	MP113	20	1087	25,98	114,5	5,73	54,35	1,3	23,9	200	66	0	12	18	6	r
1546	III	MP	MP113	20	1075	26,69	130	6,5	53,75	1,33	24,83	245	68	0	13	18	6	r
1150	I	MP	MP115	20	498	24,47	133	6,65	24,9	1,22	49,14	160	87	1	11	17	2	w
1392	II	MP	MP115	20	507	25,89	138	6,9	25,35	1,29	51,07	150	104	2	10	18	2	w
1532	III	MP	MP115	20	512	27,1	158	7,9	25,6	1,36	52,93	155	97	1	11	17	2	w
1130	I	MP	MP118	20	505	25,36	126	6,3	25,25	1,27	50,22	200	76	0	14	21	2	r
1361	II	MP	MP118	20	476	25,01	130	6,5	23,8	1,25	52,54	200	77	0	13	19	2	r
1557	III	MP	MP118	20	456	24,41	121	6,05	22,8	1,22	53,53	200	77	0	13	19	2	r
1196	I	MP	MP119	20	862	34,16	137	6,85	43,1	1,71	39,63	290	63	0	14	18	6	r
1394	II	MP	MP119	20	1105	27,23	100	5	55,25	1,36	24,64	300	66	0	17	19	6	r
1686	III	MP	MP119	20	865	25,12	121	6,05	43,25	1,26	29,04	295	59	0	14	18	6	r
1162	I	MP	MP123	20	501	25,95	164	8,2	25,05	1,3	51,8	260	104	0	12	18	2	w
1469	II	MP	MP123	19	450	22,91	157	8,26	23,68	1,21	50,91	200	92	0	12	17	2	w
1633	III	MP	MP123	20	504	27,44	156	7,8	25,2	1,37	54,44	230	97	0	12	17	2	w
1120	I	MP	MP125	20	1076	30,48	131	6,55	53,8	1,52	28,33	300	66	0	14	19	6	r
1386	II	MP	MP125	20	1138	32,56	122	6,1	56,9	1,63	28,61	300	63	0	14	22	6	r
1688	III	MP	MP125	20	1101	31,02	130	6,5	55,05	1,55	28,17	300	58	0	14	19	6	r
1173	I	MP	MP127	20	1272	40,29	129	6,45	63,6	2,01	31,67	210	76	0	13	19	6	w
1393	II	MP	MP127	20	1374	49,86	138	6,9	68,7	2,49	36,29	210	79	0	14	21	6	w
1696	III	MP	MP127	20	1305	45,28	132	6,6	65,25	2,26	34,7	210	92	3	14	20	6	w
1167	I	MP	MP129	19	1144	41,65	97	5,11	60,21	2,19	36,41	250	61	0	18	22	6	r
1358	II	MP	MP129	19	1148	40,62	97,5	5,13	60,42	2,14	35,38	300	70	0	16	22	6	r
1679	III	MP	MP129	20	1161	41,38	103	5,15	58,05	2,07	35,64	275	61	0	14	18	6	r
1076	I	MP	MP132	20	874	22,7	116	5,8	43,7	1,14	25,97	260	70	0	14	18	6	r
1380	II	MP	MP132	20	1142	34,88	133	6,65	57,1	1,74	30,54	220	61	0	14	19	6	r
1588	III	MP	MP132	20	1014	31,45	124	6,2	50,7	1,57	31,02	240	62	0	14	19	6	r
1017	I	MP	MP144	20	489	22,18	130	6,5	24,45	1,11	45,36	200	80	0	14	18	2	w
1426	II	MP	MP144	20	510	23,52	131	6,55	25,5	1,18	46,12	220	92	0	11	16	2	w
1783	III	MP	MP144	20	454	19,79	125	6,25	22,7	0,99	43,59	210	80	0	11	16	2	w
1240	I	MP	MP147	20	459	23,01	107	5,35	22,95	1,15	50,13	160	78	0	15	21	2	r
1368	II	MP	MP147	20	463	23,26	101	5,05	23,15	1,16	50,24	160	63	0	16	22	2	r
1710	III	MP	MP147	20	489	24,01	110	5,5	24,45	1,2	49,1	160	67	0	15	20	2	r
1227	I	MP	MP19	20	443	19,9	121	6,05	22,15	1	44,92	260	65	0	11	17	2	r
1377	II	MP	MP19	20	470	22,3	135	6,75	23,5	1,12	47,45	270	59	0	14	19	2	r
1584	III	MP	MP19	20	455	20,45	126	6,3	22,75	1,02	44,95	265	57	0	14	19	2	r
1216	I	MP	MP2	20	957	36,77	136	6,8	47,85	1,84	38,42	250	78	0	16	18	6	r
1464	II	MP	MP2	20	1146	45,17	148	7,4	57,3	2,26	39,42	200	77	0	13	18	6	r
1570	III	MP	MP2	20	920	33,93	128	6,4	46	1,7	36,88	225	83	0	14	19	6	r
1224	I	MP	MP21	20	1115	35,74	96	4,8	55,75	1,79	32,05	150	82	0	12	18	6	w
1348	II	MP	MP21	20	992	29,26	89	4,45	49,6	1,46	29,5	250	92	1	13	16	6	w
1585	III	MP	MP21	20	1261	43,58	88	4,4	63,05	2,18	34,56	200	78	0	10	16	6	w
1126	I	MP	MP22	20	517	27,12	203,5	10,18	25,85	1,36	52,46	300	67	0	16	19	2	r
1388	II	MP	MP22	20	504	27,59	144,5	7,23	25,2	1,38	54,74	280	66	0	15	19	2	r
1704	III	MP	MP22	20	525	28	180	9	26,25	1,4	53,33	290	59	0	13	18	2	r
1193	I	MP	MP27	20	1305	46,66	158	7,9	65,25	2,33	35,75	350	84	1	13	19	2	w
1375	II	MP	MP27	20	1079	35,17	124	6,2	53,95	1,76	32,59	250	76	0	15	22	2	w
1586	III	MP	MP27	20	1253	38,9	135	6,75	62,65	1,95	31,05	250	66	0	15	19	2	w
1069	I	MP	MP30	20	516	27,32	161	8,05	25,8	1,37	52,95	210	69	0	19	21	2	r
1501	II	MP	MP30	20	487	23,25	122	6,1	24,35	1,16	47,74	260	72	0	16	21	2	r
1547	III	MP	MP30	20	508	25,69	150	7,5	25,4	1,28	50,57	235	78	0	15	20	2	r
1215	I	MP	MP32	20	1180	39,57	123	6,15	59	1,98	33,53	240	70	0	13	17	6	r
1328	II	MP	MP32	20	1156	46,38	145	7,25	57,8	2,32	40,12	300	75	0	14	17	6	r
1614	III	MP	MP32	20	1035	38,78	139	6,95	51,75	1,94	37,47	270	65	0	12	17	6	r
1168	I	MP	MP33	20	996	39,96	140	7	49,8	2	40,12	300	79	0	13	19	6	w
1356	II	MP	MP33	20	977	36,7	143,5	7,18	48,85	1,84	37,56	310	92	0	13	18	6	w
1548	III	MP	MP33	20	1152	45,83	102	5,1	57,6	2,29	39,78	305	87	0	15	19	6	w
1213	I	MP	MP39	20	473	25,6	182	9,1	23,65	1,28	54,12	220	80	0	14	20	2	r
1338	II	MP	MP39	20	488	26,06	176,5	8,83	24,4	1,3	53,4	310	74	0	13	18	2	r
1530	III	MP	MP39	20	434	19,17	164	8,2	21,7	0,96	44,17	265	79	0	13	19	2	r
1161	I	MP	MP40	19	805	25,94	104	5,47	42,37	1,37	32,22	300	91	5	10	18	6	w
1355	II	MP	MP40	20	714	21,56	110	5,5	35,7	1,08	30,2	270	97	5	11	17	6	w
1536	III	MP	MP40	20	924	33,76	111	5,55	46,2	1,69	36,54	285	93	2	11	17	6	w
1236	I	MP	MP49	19	418	20,37	151	7,95	22	1,07	48,73	260	78	5	12	18	2	r
1439	II	MP	MP49	20	456	22,86	178	8,9	22,8	1,14	50,13	200	71	0	13	18	2	r
1529	III	MP	MP49	20	464	23,9	165	8,25	23,2	1,2	51,51	230	70	0	14	20	2	r
1198	I	MP	MP50	20	1375	59,9	105	5,25	68,75	3	43,56	250	85	0	14	19	6	w
1349	II	MP	MP50	20	1314	42,71	102	5,1	65,7	2,14	32,5	190	86	0	15	21	6	w
1624	III	MP	MP50	20	1272	43,5	104	5,2	63,6	2,18	34,2	220	82	0	16	22	6	w
1214	I	MP	MP501	20	424	17,42	154	7,7	21,2	0,87	41,08	230	77	0	13	19	2	r
1371	II	MP	MP501	20	453	21,88	177	8,85	22,65	1,09	48,3	270	68	0	13	19	2	r
1622	III	MP	MP501	22	426	19,14	148	6,73	19,36	0,87	44,93	250	53	0	14	19	2	r
1219	I	MP	MP502	20	1114	36,62	152	7,6	55,7	1,83	32,87	290	75	0	16	18	6	r
1339	II	MP	MP502	19	1266	36,86	132,5	6,97	66,63	1,94	29,12	310	62	0	17	19	6	r
1708	III	MP	MP502	20	1278	34,54	131	6,55	63,9	1,73	27,03	300	68	0	17	19	6	r
1188	I	MP	MP503	20	537	27,1	169	8,45	26,85	1,36	50,47	310	79	0	13	18	2	w
1333	II	MP	MP503	20	488	26,09	196	9,8	24,4	1,3	53,46	310	88	0	12	18	2	w
1713	III	MP	MP503	20	497	26,18	200	10	24,85	1,31	52,68	310	87	0	13	19	2	w
1197	I	MP	MP504	20	1229	36,8	112	5,6	61,45	1,84	29,94	290	63	0	14	19	6	w
1342	II	MP	MP504	20	1330	34,48	124	6,2	66,5	1,72	25,92	280	84	0	14	18	6	w
1669	III	MP	MP504	20	1168	33,05	129,5	6,48	58,4	1,65	28,3	285	77	1	15	20	6	w
1208	I	MP	MP505	20	1092	35,31	166	8,3	54,6	1,77	32,34	260	70	0	13	18	6	r
1362	II	MP	MP505	20	1173	39,83	158	7,9	58,65	1,99	33,96	320	72	0	14	18	6	r
1634	III	MP	MP505	20	976	31,13	142	7,1	48,8	1,56	31,9	290	79	0	14	19	6	r
1136	I	MP	MP508	20	500	23,66	130	6,5	25	1,18	47,32	260	88	0	10	16	2	w
1345	II	MP	MP508	20	497	23,78	129	6,45	24,85	1,19	47,85	270	94	1	9	16	2	w
1597	III	MP	MP508	20	496	25,64	122	6,1	24,8	1,28	51,69	265	93	0	9	16	2	w
1131	I	MP	MP509	20	1191	38,51	128	6,4	59,55	1,93	32,33	230	69	0	16	22	6	r
1462	II	MP	MP509	20	1228	37,67	134	6,7	61,4	1,88	30,68	200	60	0	16	22	6	r
1681	III	MP	MP509	20	1201	37	115	5,75	60,05	1,85	30,81	215	70	0	16	21	6	r
1237	I	MP	MP51	20	1297	43,48	124	6,2	64,85	2,17	33,52	220	92	5	13	17	6	w
1390	II	MP	MP51	20	1115	31,68	131	6,55	55,75	1,58	28,41	270	81	2	12	19	6	w
1563	III	MP	MP51	20	1094	33,06	119	5,95	54,7	1,65	30,22	245	69	0	11	17	6	w
1186	I	MP	MP510	20	443	24,46	186	9,3	22,15	1,22	55,21	250	76	0	13	17	2	r
1334	II	MP	MP510	20	426	21,1	168	8,4	21,3	1,06	49,53	300	78	0	12	18	2	r
1646	III	MP	MP510	20	412	19,28	178	8,9	20,6	0,96	46,8	275	75	0	12	18	2	r
1189	I	MP	MP512	20	1205	40,52	132	6,6	60,25	2,03	33,63	270	64	0	15	19	6	r
1387	II	MP	MP512	20	1149	38,74	143	7,15	57,45	1,94	33,72	240	58	0	14	19	6	r
1523	III	MP	MP512	20	1050	32,18	139	6,95	52,5	1,61	30,65	255	58	0	16	20	6	r
1221	I	MP	MP514	20	927	25,94	77	3,85	46,35	1,3	27,98	210	84	0	10	19	2	w
1383	II	MP	MP514	19	896	18,97	95	5	47,16	1	21,17	280	82	0	9	16	2	w
1690	III	MP	MP514	20	910	23	82	4,1	45,5	1,15	25,27	245	83	0	9	16	2	w
1235	I	MP	MP519	20	974	35,6	151	7,55	48,7	1,78	36,55	180	94	0	16	19	6	w
1367	II	MP	MP519	20	1342	51,96	127	6,35	67,1	2,6	38,72	290	105	1	12	18	6	w
1636	III	MP	MP519	20	1086	35,02	110	5,5	54,3	1,75	32,25	235	99	3	13	19	6	w
1203	I	MP	MP52	20	403	19,27	156	7,8	20,15	0,96	47,82	250	71	0	14	19	2	r
1461	II	MP	MP52	20	480	22,07	127,5	6,38	24	1,1	45,98	200	59	0	16	21	2	r
1667	III	MP	MP52	20	444	22,27	129	6,45	22,2	1,11	50,16	225	54	0	15	20	2	r
1191	I	MP	MP521	20	1025	28,7	86	4,3	51,25	1,44	28	250	52	0	15	22	6	r
1340	II	MP	MP521	20	1150	33,37	102	5,1	57,5	1,67	29,02	200	62	0	19	24	6	r
1684	III	MP	MP521	20	1050	30,1	95	4,75	52,5	1,51	28,67	225	62	0	16	22	6	r
1192	I	MP	MP522	20	1302	45,68	185	9,25	65,1	2,28	35,08	230	93	0	13	18	6	w
1347	II	MP	MP522	20	1305	43,22	157,5	7,88	65,25	2,16	33,12	350	96	1	12	16	6	w
1553	III	MP	MP522	20	1252	43,37	162	8,1	62,6	2,17	34,64	290	98	5	12	17	6	w
1204	I	MP	MP523	20	498	24,9	130	6,5	24,9	1,25	50	210	61	0	16	23	2	r
1374	II	MP	MP523	20	471	22,63	123	6,15	23,55	1,13	48,05	300	75	0	15	22	2	r
1685	III	MP	MP523	20	456	21,56	113	5,65	22,8	1,08	47,28	255	63	0	15	21	2	r
1199	I	MP	MP53	20	1350	47,3	179	8,95	67,5	2,37	35,04	230	77	0	16	20	6	r
1360	II	MP	MP53	20	1297	42,03	171,5	8,58	64,85	2,1	32,41	280	71	0	14	19	6	r
1662	III	MP	MP53	20	1413	49,29	180	9	70,65	2,46	34,88	255	71	0	13	18	6	r
1222	I	MP	MP55	20	1254	43,48	112	5,6	62,7	2,17	34,67	200	62	0	16	22	6	r
1329	II	MP	MP55	20	1358	52,23	120,5	6,03	67,9	2,61	38,46	190	60	0	15	22	6	r
1559	III	MP	MP55	20	1077	34,16	97	4,85	53,85	1,71	31,72	195	61	0	14	20	6	r
1187	I	MP	MP56	20	406	18,15	153	7,65	20,3	0,91	44,7	250	89	0	12	18	2	w
1346	II	MP	MP56	20	527	24,61	165	8,25	26,35	1,23	46,7	350	88	0	13	16	2	w
1609	III	MP	MP56	21	486	24,03	153	7,29	23,14	1,14	49,44	300	80	0	13	19	2	w
1217	I	MP	MP68	20	935	36,16	136	6,8	46,75	1,81	38,67	250	75	0	13	18	6	r
1384	II	MP	MP68	20	1104	38,14	124,5	6,23	55,2	1,91	34,55	200	64	0	16	23	6	r
1663	III	MP	MP68	20	1020	37,2	139	6,95	51	1,86	36,47	225	70	0	16	19	6	r
1244	I	MP	MP7	20	432	22,95	140	7	21,6	1,15	53,13	250	89	0	11	17	2	w
1336	II	MP	MP7	20	425	22,46	138	6,9	21,25	1,12	52,85	300	89	0	10	16	2	w
1717	III	MP	MP7	20	443	23,18	142	7,1	22,15	1,16	52,33	275	80	0	9	16	2	w
1242	I	MP	MP79	20	1235	54,76	131	6,55	61,75	2,74	44,34	220	94	3	14	19	6	w
1353	II	MP	MP79	19	1176	50,91	124	6,53	61,89	2,68	43,29	350	102	5	11	16	6	w
1701	III	MP	MP79	20	1254	53,89	129	6,45	62,7	2,69	42,97	285	100	1	13	18	6	w
1059	I	MP	MP80	20	1105	41,9	149	7,45	55,25	2,1	37,92	300	75	0	13	17	6	r
1369	II	MP	MP80	20	1142	42,08	146	7,3	57,1	2,1	36,85	330	71	0	14	19	6	r
1695	III	MP	MP80	20	1061	40,67	148	7,4	53,05	2,03	38,33	315	73	0	14	20	6	r
1212	I	MP	MP84	20	1153	36,94	161	8,05	57,65	1,85	32,04	180	90	0	13	17	6	w
1250	II	MP	MP84	20	1351	38,19	198	9,9	67,55	1,91	28,27	250	80	2	15	19	6	w
1612	III	MP	MP84	20	1189	36,73	195	9,75	59,45	1,84	30,89	215	78	0	14	19	6	w
1211	I	MP	MP85	20	1225	43,9	107	5,35	61,25	2,2	35,84	280	94	2	15	19	6	w
1520	II	MP	MP85	20	1320	52,03	113	5,65	66	2,6	39,42	200	83	0	12	27	6	w
1640	III	MP	MP85	20	1277	46,9	109	5,45	63,85	2,35	36,73	240	80	0	14	18	6	w
1075	I	MP	MP89	20	1295	49,56	139	6,95	64,75	2,48	38,27	250	91	3	13	18	6	w
1500	II	MP	MP89	20	1107	42,83	133	6,65	55,35	2,14	38,69	290	82	0	12	17	6	w
1555	III	MP	MP89	20	1129	39,72	129	6,45	56,45	1,99	35,18	270	85	0	13	17	6	w
1241	I	MP	MP9	20	448	23,01	140	7	22,4	1,15	51,36	190	66	4	16	22	2	r
1274	II	MP	MP9	20	391	21,75	132	6,6	19,55	1,09	55,63	290	67	0	13	18	2	r
1648	III	MP	MP9	20	389	20,9	130	6,5	19,45	1,05	53,73	240	74	0	13	19	2	r
1077	I	MP	MP91	20	858	29,35	105	5,25	42,9	1,47	34,21	200	62	0	15	21	6	r
1385	II	MP	MP91	20	989	30,95	135	6,75	49,45	1,55	31,29	300	58	0	15	22	6	r
1561	III	MP	MP91	20	1000	33,89	151	7,55	50	1,69	33,89	240	51	0	15	21	6	r
1129	I	MP	MP98	20	512	26,57	164	8,2	25,6	1,33	51,89	230	88	0	10	17	2	w
1378	II	MP	MP98	20	456	23,8	149	7,45	22,8	1,19	52,19	200	84	0	9	16	2	w
1691	III	MP	MP98	20	499	25,96	159	7,95	24,95	1,3	52,02	215	97	0	9	16	2	w
1034	I	MP	MP1	20	995	26,69	119	5,95	49,75	1,33	26,82	250	59	0	18	22	6	r
1436	II	MP	MP1	20	1157	32,98	122	6,1	57,85	1,65	28,5	300	63	0	16	22	6	r
1765	III	MP	MP1	20	1006	30,99	119	5,95	50,3	1,55	30,81	275	55	0	16	21	6	r
1037	I	MP	MP10	20	1086	33	114	5,7	54,3	1,65	30,39	250	79	1	10	17	6	r
1415	II	MP	MP10	20	1320	41,37	131,5	6,58	66	2,07	31,34	240	72	0	13	18	6	r
1771	III	MP	MP10	19	1278	40,49	123	6,47	67,26	2,13	31,68	245	78	0	12	18	6	r
1093	I	MP	MP100	20	1116	35,92	121,5	6,08	55,8	1,8	32,19	170	81	0	11	18	6	w
1460	II	MP	MP100	20	1104	34,78	128	6,4	55,2	1,74	31,5	230	86	1	11	17	6	w
1618	III	MP	MP100	20	1023	36,27	120	6	51,15	1,81	35,45	200	81	3	11	18	6	w
1155	I	MP	MP101	20	496	26,88	146	7,3	24,8	1,34	54,19	210	84	0	14	17	2	w
1294	II	MP	MP101	20	485	24,78	146	7,3	24,25	1,24	51,09	220	73	0	12	17	2	w
1638	III	MP	MP101	19	460	23,64	136	7,16	24,21	1,24	51,39	215	88	0	14	18	2	w
1086	I	MP	MP102	20	310	16,04	113	5,65	15,5	0,8	51,74	200	75	0	13	21	2	r
1512	II	MP	MP102	20	382	21,66	127	6,35	19,1	1,08	56,7	120	69	0	16	20	2	r
1556	III	MP	MP102	20	336	19,54	122	6,1	16,8	0,98	58,15	160	75	0	15	21	2	r
998	I	MP	MP103	20	482	23,48	176	8,8	24,1	1,17	48,71	300	78	0	15	19	2	r
1407	II	MP	MP103	20	506	24,9	189	9,45	25,3	1,25	49,21	390	83	0	13	19	2	r
1754	III	MP	MP103	20	474	21,48	171	8,55	23,7	1,07	45,32	345	72	1	13	19	2	r
1039	I	MP	MP104	20	377	19,11	150	7,5	18,85	0,96	50,69	250	69	0	13	19	2	r
1451	II	MP	MP104	20	387	19,54	148	7,4	19,35	0,98	50,49	180	60	0	12	19	2	r
1752	III	MP	MP104	20	381	19,35	149	7,45	19,05	0,97	50,79	215	70	0	15	19	2	r
1072	I	MP	MP105	20	1124	31,66	126	6,3	56,2	1,58	28,17	150	84	4	12	17	6	r
1265	II	MP	MP105	20	1181	33,19	135	6,75	59,05	1,66	28,1	210	85	4	12	11	6	r
1674	III	MP	MP105	20	994	24,68	143	7,15	49,7	1,23	24,83	180	70	0	11	17	6	r
1046	I	MP	MP106	20	419	18,86	172	8,6	20,95	0,94	45,01	200	69	0	12	18	2	r
1424	II	MP	MP106	20	475	25,38	193	9,65	23,75	1,27	53,43	380	70	0	12	17	2	r
1743	III	MP	MP106	20	482	22,92	145,5	7,28	24,1	1,15	47,55	290	70	0	14	19	2	r
1148	I	MP	MP107	20	560	28,75	190	9,5	28	1,44	51,34	180	90	0	15	20	2	w
1259	II	MP	MP107	20	548	28,95	189	9,45	27,4	1,45	52,83	200	83	3	14	18	2	w
1617	III	MP	MP107	20	550	29,38	186,3	9,32	27,5	1,47	53,42	190	95	4	15	19	2	w
1011	I	MP	MP108	20	1140	37,14	156,5	7,83	57	1,86	32,58	250	72	0	16	19	6	r
1516	II	MP	MP108	20	942	26,79	154	7,7	47,1	1,34	28,44	250	79	0	15	19	6	r
1538	III	MP	MP108	20	1263	41,49	178	8,9	63,15	2,07	32,85	250	74	0	16	20	6	r
1114	I	MP	MP109	20	500	26,81	159	7,95	25	1,34	53,62	250	92	2	15	20	2	w
1411	II	MP	MP109	20	478	28,22	153	7,65	23,9	1,41	59,04	220	92	0	13	17	2	w
1726	III	MP	MP109	20	484	26,45	157	7,85	24,2	1,32	54,65	235	82	0	13	18	2	w
1047	I	MP	MP11	20	569	26,08	146	7,3	28,45	1,3	45,83	250	80	0	13	19	2	r
1484	II	MP	MP11	20	593	28,61	151	7,55	29,65	1,43	48,25	310	78	0	16	19	2	r
1785	III	MP	MP11	20	586	27,45	149	7,45	29,3	1,37	46,84	280	70	0	16	19	2	r
1038	I	MP	MP110	20	1220	35,05	145	7,25	61	1,75	28,73	200	77	0	13	21	6	w
1471	II	MP	MP110	20	1280	40,7	153	7,65	64	2,04	31,8	210	80	0	14	19	6	w
1670	III	MP	MP110	20	1437	38,34	150	7,5	71,85	1,92	26,68	205	79	0	14	17	6	w
1091	I	MP	MP111	19	859	26,17	175	9,21	45,21	1,38	30,47	180	68	0	16	20	6	r
1282	II	MP	MP111	20	819	22,11	136	6,8	40,95	1,11	27	260	70	0	15	19	6	r
1621	III	MP	MP111	20	949	28,85	141	7,05	47,45	1,44	30,4	220	50	0	14	18	6	r
1071	I	MP	MP112	20	517	29,06	170	8,5	25,85	1,45	56,21	300	93	0	12	17	2	w
1296	II	MP	MP112	20	526	29,42	174	8,7	26,3	1,47	55,93	250	89	0	11	17	2	w
1639	III	MP	MP112	20	521	29	172	8,6	26,05	1,45	55,66	275	81	0	13	17	2	w
1429	II	MP	MP113	20	534	22,19	165	8,25	26,7	1,11	41,55	290	77	0	13	19	2	r
1488	II	MP	MP113	20	443	23,89	165	8,25	22,15	1,19	53,93	250	72	0	12	17	2	r
1655	III	MP	MP113	20	425	21,1	163	8,15	21,25	1,06	49,65	270	70	0	12	17	2	r
1105	I	MP	MP114	20	1172	33,29	173	8,65	58,6	1,66	28,4	280	72	0	15	19	6	r
1417	II	MP	MP114	20	1270	38,35	169	8,45	63,5	1,92	30,2	240	69	0	15	20	6	r
1768	III	MP	MP114	20	1205	36,2	170	8,5	60,25	1,81	30,04	260	54	0	15	19	6	r
1243	I	MP	MP115	20	430	20,1	180	9	21,5	1,01	46,74	250	95	4	12	17	2	w
1472	II	MP	MP115	20	432	20,07	186	9,3	21,6	1	46,46	250	81	0	12	17	2	w
1573	III	MP	MP115	20	429	20,37	174	8,7	21,45	1,02	47,48	250	79	0	12	17	2	w
1070	I	MP	MP116	20	523	23,65	168	8,4	26,15	1,18	45,22	200	66	0	17	19	2	r
1304	II	MP	MP116	20	535	25,52	151	7,55	26,75	1,28	47,7	200	66	0	16	19	2	r
1676	III	MP	MP116	20	512	21,93	140,5	7,03	25,6	1,1	42,83	200	48	0	15	19	2	r
1184	I	MP	MP117	20	1150	33,31	113	5,65	57,5	1,67	28,97	250	79	0	19	24	6	w
1318	II	MP	MP117	20	1197	39,6	130,5	6,53	59,85	1,98	33,08	300	80	0	13	18	6	w
1572	III	MP	MP117	20	1005	38,95	128	6,4	50,25	1,95	38,76	275	85	0	14	18	6	w
1054	I	MP	MP118	20	1050	32,39	119	5,95	52,5	1,62	30,85	250	77	0	12	17	6	w
1443	II	MP	MP118	20	1033	32,42	115	5,75	51,65	1,62	31,38	210	86	3	13	18	6	w
1594	III	MP	MP118	20	1206	43,33	178	8,9	60,3	2,17	35,93	230	86	0	13	18	6	w
1152	I	MP	MP119	20	319	15,91	116	5,8	15,95	0,8	49,87	210	94	0	14	21	2	w
1278	II	MP	MP119	19	363	17,39	113	5,95	19,11	0,92	47,91	290	87	0	14	19	2	w
1595	III	MP	MP119	20	512	27,08	128	6,4	25,6	1,35	52,89	250	86	0	14	19	2	w
1066	I	MP	MP120	20	528	25,38	132	6,6	26,4	1,27	48,07	190	73	0	18	21	2	r
1285	II	MP	MP120	20	525	24,15	134	6,7	26,25	1,21	46	200	80	0	16	21	2	r
1626	III	MP	MP120	20	530	25,98	135	6,75	26,5	1,3	49,02	195	68	0	16	22	2	r
1134	I	MP	MP121	20	1279	45,93	121	6,05	63,95	2,3	35,91	230	70	2	11	17	6	r
1372	II	MP	MP121	20	1226	36,5	125	6,25	61,3	1,83	29,77	150	78	0	11	17	6	r
1678	III	MP	MP121	20	1100	32,53	134	6,7	55	1,63	29,57	190	58	0	12	17	6	r
1085	I	MP	MP122	20	431	20,56	121	6,05	21,55	1,03	47,7	250	86	3	12	19	2	w
1502	II	MP	MP122	20	454	25,73	118	5,9	22,7	1,29	56,67	330	95	2	15	19	2	w
1705	III	MP	MP122	20	468	22,24	116,5	5,83	23,4	1,11	47,52	290	78	0	14	17	2	w
1132	I	MP	MP123	20	497	25,44	167	8,35	24,85	1,27	51,19	190	86	0	13	19	2	w
1321	II	MP	MP123	20	468	22,2	170	8,5	23,4	1,11	47,44	180	85	0	13	17	2	w
1647	III	MP	MP123	20	482	23,58	169	8,45	24,1	1,18	48,92	185	78	2	13	19	2	w
1057	I	MP	MP124	19	1251	45,61	143,5	7,55	65,84	2,4	36,46	250	88	0	10	17	6	w
1270	II	MP	MP124	20	1099	36,87	129	6,45	54,95	1,84	33,55	200	92	5	12	17	6	w
1608	III	MP	MP124	20	1267	51,55	148	7,4	63,35	2,58	40,69	225	96	0	11	17	6	w
1061	I	MP	MP125	20	524	25,85	166	8,3	26,2	1,29	49,33	250	72	0	13	18	2	r
1291	II	MP	MP125	20	527	23,65	162	8,1	26,35	1,18	44,88	240	72	0	14	18	2	r
1697	III	MP	MP125	20	526	24,6	159	7,95	26,3	1,23	46,77	195	80	0	13	18	2	r
1042	I	MP	MP126	20	441	19,73	156	7,8	22,05	0,99	44,74	300	65	1	12	18	2	r
1476	II	MP	MP126	20	447	22,44	159	7,95	22,35	1,12	50,2	300	73	0	12	18	2	r
1773	III	MP	MP126	20	444	20,45	158	7,9	22,2	1,02	46,06	300	67	0	13	19	2	r
1028	I	MP	MP127	20	482	22,19	111	5,55	24,1	1,11	46,04	150	84	0	15	17	2	w
1466	II	MP	MP127	20	533	27,22	117	5,85	26,65	1,36	51,07	200	70	0	15	18	2	w
1775	III	MP	MP127	20	506	25,98	115	5,75	25,3	1,3	51,34	175	80	0	13	17	2	w
1022	I	MP	MP128	20	536	28,67	158	7,9	26,8	1,43	53,49	200	77	0	14	19	2	w
1425	II	MP	MP128	20	511	26,92	158	7,9	25,55	1,35	52,68	210	81	0	15	22	2	w
1747	III	MP	MP128	20	495	23,56	158	7,9	24,75	1,18	47,6	205	89	0	14	21	2	w
988	I	MP	MP129	19	921	27,98	123	6,47	48,47	1,47	30,38	300	66	0	14	18	6	r
1418	II	MP	MP129	20	1039	32,46	140	7	51,95	1,62	31,24	200	62	0	14	18	6	r
1769	III	MP	MP129	20	998	30,01	138	6,9	49,9	1,5	30,07	250	62	0	13	18	6	r
997	I	MP	MP13	20	491	23,72	135,5	6,78	24,55	1,19	48,31	300	63	0	19	22	2	r
1496	II	MP	MP13	20	487	24,63	132	6,6	24,35	1,23	50,57	250	64	0	19	24	2	r
1787	III	MP	MP13	20	490	24,06	134	6,7	24,5	1,2	49,1	275	62	0	19	22	2	r
1055	I	MP	MP130	20	1101	40,59	137	6,85	55,05	2,03	36,87	200	73	0	13	17	6	w
1302	II	MP	MP130	19	1047	37,56	135	7,11	55,11	1,98	35,87	210	93	5	13	17	6	w
1527	III	MP	MP130	20	1183	45,64	147	7,35	59,15	2,28	38,58	205	83	1	15	18	6	w
1175	I	MP	MP131	20	1198	37,56	158	7,9	59,9	1,88	31,35	300	83	0	14	18	6	r
1316	II	MP	MP131	20	1229	39,1	149	7,45	61,45	1,96	31,81	300	62	0	15	19	6	r
1706	III	MP	MP131	20	1158	35,27	156	7,8	57,9	1,76	30,46	300	77	1	14	19	6	r
1163	I	MP	MP132	17	415	19,43	100	5,88	24,41	1,14	46,82	180	75	0	16	19	2	w
1381	II	MP	MP132	20	524	24,93	129	6,45	26,2	1,25	47,58	250	81	0	14	18	2	w
1644	III	MP	MP132	20	517	26,1	121	6,05	25,85	1,31	50,48	215	83	0	13	18	2	w
1165	I	MP	MP133	19	906	29,28	100	5,26	47,68	1,54	32,32	290	92	3	10	18	6	w
1262	II	MP	MP133	20	1118	35,92	117	5,85	55,9	1,8	32,13	190	89	1	11	17	6	w
1596	III	MP	MP133	20	1043	35,59	111	5,55	52,15	1,78	34,12	240	87	1	10	16	6	w
1016	I	MP	MP134	20	1126	31,28	178	8,9	56,3	1,56	27,78	200	70	0	16	22	6	w
1402	II	MP	MP134	20	1197	34,86	125	6,25	59,85	1,74	29,12	220	54	0	16	23	6	w
1660	III	MP	MP134	20	1023	30,8	122	6,1	51,15	1,54	30,11	210	62	0	16	22	6	w
1023	I	MP	MP135	20	965	30,02	111	5,55	48,25	1,5	31,11	240	48	0	19	22	6	r
1408	II	MP	MP135	20	1286	36,29	108	5,4	64,3	1,81	28,22	250	55	0	19	23	6	r
1742	III	MP	MP135	20	1110	32,69	110	5,5	55,5	1,63	29,45	245	59	0	18	24	6	r
999	I	MP	MP136	20	1197	46,47	144	7,2	59,85	2,32	38,82	250	95	2	10	19	6	w
1427	II	MP	MP136	20	1179	40,18	146	7,3	58,95	2,01	34,08	250	98	3	13	17	6	w
1757	III	MP	MP136	20	1253	44,5	154	7,7	62,65	2,23	35,51	250	84	1	12	17	6	w
1181	I	MP	MP140	20	444	23,65	160	8	22,2	1,18	53,27	300	68	0	13	19	2	r
1281	II	MP	MP140	20	454	22,93	165	8,25	22,7	1,15	50,51	350	69	0	13	18	2	r
1645	III	MP	MP140	20	438	21,42	175	8,75	21,9	1,07	48,9	325	67	0	13	18	2	r
1106	I	MP	MP141	20	1135	36,27	125	6,25	56,75	1,81	31,96	250	91	1	12	18	6	w
1482	II	MP	MP141	20	1080	34,86	132	6,6	54	1,74	32,28	230	84	0	12	17	6	w
1730	III	MP	MP141	20	1110	35,75	130	6,5	55,5	1,79	32,21	240	73	0	11	17	6	w
1160	I	MP	MP142	20	1138	35,49	149	7,45	56,9	1,77	31,19	240	72	0	16	21	6	r
1312	II	MP	MP142	20	1220	39,93	153,5	7,68	61	2	32,73	250	76	0	15	19	6	r
1522	III	MP	MP142	20	1246	44,87	170	8,5	62,3	2,24	36,01	245	69	0	16	20	6	r
1115	I	MP	MP143	19	990	35,39	137	7,21	52,11	1,86	35,75	250	70	0	13	19	6	r
1490	II	MP	MP143	20	1040	35,08	133	6,65	52	1,75	33,73	250	68	0	13	18	6	r
1682	III	MP	MP143	20	1010	35,01	140	7	50,5	1,75	34,66	250	68	0	12	17	6	r
1098	I	MP	MP144	20	498	25,51	168	8,4	24,9	1,28	51,22	200	88	1	13	17	2	w
1448	II	MP	MP144	20	529	26,08	158	7,9	26,45	1,3	49,3	200	88	4	16	20	2	w
1782	III	MP	MP144	20	511	24,47	166	8,3	25,55	1,22	47,89	200	82	0	14	19	2	w
1025	I	MP	MP145	20	1155	31,17	138	6,9	57,75	1,56	26,99	200	81	1	14	18	6	w
1400	II	MP	MP145	20	1173	34,73	140,5	7,03	58,65	1,74	29,61	280	82	0	16	22	6	w
1658	III	MP	MP145	20	1162	33,01	139	6,95	58,1	1,65	28,41	240	68	0	16	22	6	w
1109	I	MP	MP146	20	1101	30,29	111	5,55	55,05	1,51	27,51	300	77	0	13	20	6	w
1468	II	MP	MP146	20	1116	33,51	112	5,6	55,8	1,68	30,03	210	78	0	14	18	6	w
1729	III	MP	MP146	20	1080	27,89	112	5,6	54	1,39	25,82	255	73	0	14	21	6	w
1238	I	MP	MP147	20	1115	30,42	140	7	55,75	1,52	27,28	270	90	0	12	18	6	w
1478	II	MP	MP147	20	1282	47,97	158,5	7,93	64,1	2,4	37,42	260	83	3	12	17	6	w
1649	III	MP	MP147	20	1307	42,25	159	7,95	65,35	2,11	32,33	265	80	2	12	16	6	w
1135	I	MP	MP148	20	515	28,25	170	8,5	25,75	1,41	54,85	200	75	0	14	19	2	w
1323	II	MP	MP148	20	515	27,47	167	8,35	25,75	1,37	53,34	280	71	0	15	18	2	w
1577	III	MP	MP148	20	520	28,3	170	8,5	26	1,42	54,42	240	68	0	13	18	2	w
1096	I	MP	MP149	20	1156	36,5	162	8,1	57,8	1,83	31,57	200	84	2	13	17	6	w
1433	II	MP	MP149	20	1055	33,8	150	7,5	52,75	1,69	32,04	200	75	3	16	19	6	w
1789	III	MP	MP149	20	1311	43,36	121	6,05	65,55	2,17	33,07	200	87	3	13	19	6	w
1001	I	MP	MP15	20	464	25,39	131	6,55	23,2	1,27	54,72	250	79	0	12	17	2	w
1503	II	MP	MP15	20	509	26,92	128	6,4	25,45	1,35	52,89	270	85	0	11	17	2	w
1784	III	MP	MP15	20	489	26,02	130	6,5	24,45	1,3	53,21	260	79	0	12	17	2	w
1209	I	MP	MP150	20	460	22,92	142	7,1	23	1,15	49,83	200	88	0	12	16	2	w
1354	II	MP	MP150	20	431	21,83	105	5,25	21,55	1,09	50,65	250	100	1	13	19	2	w
1602	III	MP	MP150	20	412	24,03	100	5	20,6	1,2	58,33	225	85	0	13	19	2	w
1063	I	MP	MP151	20	403	22,56	146	7,3	20,15	1,13	55,98	230	98	0	17	19	2	w
1506	II	MP	MP151	20	397	20,58	131	6,55	19,85	1,03	51,84	220	92	0	13	17	2	w
1542	III	MP	MP151	20	363	19,96	144	7,2	18,15	1	54,99	225	100	3	14	19	2	w
1142	I	MP	MP152	20	460	25,99	117	5,85	23	1,3	56,5	200	95	0	15	20	2	w
1284	II	MP	MP152	20	465	25,36	118	5,9	23,25	1,27	54,54	200	83	3	14	21	2	w
1587	III	MP	MP152	20	415	20,85	110	5,5	20,75	1,04	50,24	200	77	0	12	17	2	w
1228	I	MP	MP153	20	892	28,35	146	7,3	44,6	1,42	31,78	260	70	0	10	17	6	r
1499	II	MP	MP153	20	1027	30,54	158	7,9	51,35	1,53	29,74	160	55	0	14	19	6	r
1712	III	MP	MP153	20	989	29,01	149	7,45	49,45	1,45	29,33	210	67	0	16	19	6	r
1029	I	MP	MP154	20	522	24,46	169	8,45	26,1	1,22	46,86	200	84	1	16	19	2	w
1453	II	MP	MP154	19	463	21,87	155	8,16	24,37	1,15	47,24	150	74	1	12	18	2	w
1728	III	MP	MP154	20	498	23,06	160	8	24,9	1,15	46,31	175	90	0	15	19	2	w
1232	I	MP	MP156	20	1163	33,4	131	6,55	58,15	1,67	28,72	220	65	4	14	20	6	r
1263	II	MP	MP156	20	1094	30,28	123,5	6,18	54,7	1,51	27,68	220	64	0	13	17	6	r
1628	III	MP	MP156	20	831	24,29	112	5,6	41,55	1,21	29,23	220	59	0	12	17	6	r
1220	I	MP	MP157	19	1119	29,16	96	5,05	58,89	1,53	26,06	150	53	0	16	19	6	r
1357	II	MP	MP157	20	899	21,19	74	3,7	44,95	1,06	23,57	230	61	0	15	21	6	r
1591	III	MP	MP157	20	1085	33,47	82	4,1	54,25	1,67	30,85	190	45	0	14	21	6	r
1190	I	MP	MP158	20	997	25,68	90	4,5	49,85	1,28	25,76	250	58	0	18	21	6	r
1337	II	MP	MP158	20	1078	27,8	87	4,35	53,9	1,39	25,79	200	53	0	14	21	6	r
1677	III	MP	MP158	20	945	23,63	92	4,6	47,25	1,18	25,01	225	47	0	15	18	6	r
1026	I	MP	MP16	20	453	22,36	115	5,75	22,65	1,12	49,36	300	78	2	10	17	2	w
1511	II	MP	MP16	20	507	26,01	128	6,4	25,35	1,3	51,3	250	90	0	11	17	2	w
1560	III	MP	MP16	19	481	24,82	123	6,47	25,32	1,31	51,6	275	89	3	10	16	2	w
1006	I	MP	MP160	20	1340	50,05	143	7,15	67	2,5	37,35	200	72	4	14	18	6	w
1455	II	MP	MP160	20	1175	40,27	122	6,1	58,75	2,01	34,27	190	85	1	12	17	6	w
1756	III	MP	MP160	20	1054	33,15	121	6,05	52,7	1,66	31,45	195	82	3	12	17	6	w
1124	I	MP	MP161	20	1253	50,07	101	5,05	62,65	2,5	39,96	150	81	0	14	20	6	w
1487	II	MP	MP161	20	1160	43,33	94	4,7	58	2,17	37,35	100	89	0	12	16	6	w
1544	III	MP	MP161	20	1131	44,07	97	4,85	56,55	2,2	38,97	125	88	4	12	17	6	w
1117	I	MP	MP162	20	983	26,12	139	6,95	49,15	1,31	26,57	300	68	0	15	19	6	r
1341	II	MP	MP162	20	1056	28,18	152	7,6	52,8	1,41	26,69	250	57	0	17	19	6	r
1623	III	MP	MP162	20	687	16,61	134	6,7	34,35	0,83	24,18	275	55	0	14	19	6	r
1128	I	MP	MP163	20	1024	33,35	130	6,5	51,2	1,67	32,57	200	64	0	13	17	6	r
1257	II	MP	MP163	20	938	28,39	129	6,45	46,9	1,42	30,27	280	66	0	14	18	6	r
1619	III	MP	MP163	20	937	31,36	182	9,1	46,85	1,57	33,47	240	65	0	13	17	6	r
1049	I	MP	MP164	20	1072	31,49	133	6,65	53,6	1,57	29,38	200	72	0	14	19	6	r
1273	II	MP	MP164	20	1047	36,74	138	6,9	52,35	1,84	35,09	250	72	0	14	19	6	r
1627	III	MP	MP164	20	931	34,26	122	6,1	46,55	1,71	36,8	225	74	0	16	22	6	r
1053	I	MP	MP165	20	500	26,89	148	7,4	25	1,34	53,78	250	81	0	13	17	2	w
1307	II	MP	MP165	20	457	24,13	149	7,45	22,85	1,21	52,8	300	85	0	13	16	2	w
1630	III	MP	MP165	19	445	23,78	125	6,58	23,42	1,25	53,44	275	73	0	13	17	2	w
1007	I	MP	MP166	20	506	29,13	157	7,85	25,3	1,46	57,57	300	74	0	15	19	2	w
1428	II	MP	MP166	20	486	28,41	150	7,5	24,3	1,42	58,46	250	80	0	13	16	2	w
1739	III	MP	MP166	20	435	25,98	153	7,65	21,75	1,3	59,72	275	85	0	13	18	2	w
1223	I	MP	MP167	20	453	20	167	8,35	22,65	1	44,15	250	78	0	8	17	2	w
1379	II	MP	MP167	20	385	17,09	120	6	19,25	0,85	44,39	170	79	0	12	18	2	w
1683	III	MP	MP167	20	501	22,41	144,5	7,23	25,05	1,12	44,73	210	81	0	12	18	2	w
1074	I	MP	MP168	20	496	23,95	148,5	7,43	24,8	1,2	48,29	250	94	3	12	17	2	w
1391	II	MP	MP168	20	527	25,38	142	7,1	26,35	1,27	48,16	280	91	0	10	18	2	w
1535	III	MP	MP168	21	497	24,86	137	6,52	23,67	1,18	50,02	265	95	0	11	17	2	w
1205	I	MP	MP169	20	442	26,24	120	6	22,1	1,31	59,37	310	74	0	15	22	2	r
1492	II	MP	MP169	20	393	23,89	143	7,15	19,65	1,19	60,79	250	64	0	16	20	2	r
1693	III	MP	MP169	20	498	27,06	135	6,75	24,9	1,35	54,34	255	68	0	16	18	2	r
1225	I	MP	MP17	20	498	22,77	150,5	7,53	24,9	1,14	45,72	130	79	0	12	18	2	w
1351	II	MP	MP17	20	621	24,25	159	7,95	31,05	1,21	39,05	150	70	0	16	19	2	w
1680	III	MP	MP17	20	476	21,63	136	6,8	23,8	1,08	45,44	140	70	0	13	18	2	w
1229	I	MP	MP170	20	367	17,56	122	6,1	18,35	0,88	47,85	140	75	0	14	21	2	w
1311	II	MP	MP170	20	466	25,17	129,5	6,48	23,3	1,26	54,01	180	80	0	16	21	2	w
1610	III	MP	MP170	21	437	23,4	129	6,14	20,81	1,11	53,55	160	88	0	14	19	2	w
1248	II	MP	MP171	20	1024	29,88	117	5,85	51,2	1,49	29,18	320	69	1	13	22	6	r
1335	II	MP	MP171	20	1202	36,6	102	5,1	60,1	1,83	30,45	250	58	0	19	24	6	r
1650	III	MP	MP171	20	1182	33,23	109	5,45	59,1	1,66	28,11	285	44	0	19	22	6	r
1041	I	MP	MP172	20	388	18,49	151	7,55	19,4	0,92	47,65	200	66	0	12	19	2	r
1413	II	MP	MP172	20	381	18,56	149	7,45	19,05	0,93	48,71	210	62	0	12	18	2	r
1720	III	MP	MP172	20	339	16,23	130	6,5	16,95	0,81	47,88	205	63	0	12	18	2	r
1159	I	MP	MP173	19	985	29,61	148	7,79	51,84	1,56	30,06	320	74	0	14	19	6	r
1435	II	MP	MP173	20	1105	28,89	169	8,45	55,25	1,44	26,14	260	64	0	15	19	6	r
1525	III	MP	MP173	20	1049	34,63	154	7,7	52,45	1,73	33,01	290	64	0	15	19	6	r
1178	I	MP	MP174	20	452	24,05	143	7,15	22,6	1,2	53,21	220	87	1	11	17	2	w
1517	II	MP	MP174	20	458	27,8	148	7,4	22,9	1,39	60,7	300	84	0	9	16	2	w
1566	III	MP	MP174	20	449	23,69	137	6,85	22,45	1,18	52,76	260	86	0	8	16	2	w
1185	I	MP	MP176	20	649	28,4	155	7,75	32,45	1,42	43,76	230	65	0	14	18	6	r
1480	II	MP	MP176	20	1048	31,92	123	6,15	52,4	1,6	30,46	200	65	0	14	18	6	r
1625	III	MP	MP176	20	1077	35,53	176	8,8	53,85	1,78	32,99	215	62	0	14	21	6	r
1084	I	MP	MP177	20	825	20,25	116	5,8	41,25	1,01	24,55	160	77	0	12	19	6	r
1389	II	MP	MP177	19	1122	33,04	106	5,58	59,05	1,74	29,45	250	75	0	11	18	6	r
1549	III	MP	MP177	20	1006	29,55	110	5,5	50,3	1,48	29,37	205	78	1	12	18	6	r
1226	I	MP	MP178	20	496	22,91	146	7,3	24,8	1,15	46,19	200	72	0	10	16	2	w
1366	II	MP	MP178	20	491	24,97	139,5	6,98	24,55	1,25	50,86	250	92	1	10	17	2	w
1668	III	MP	MP178	20	482	20,55	136,5	6,83	24,1	1,03	42,63	175	78	2	10	16	2	w
1218	I	MP	MP179	20	1179	40,29	157	7,85	58,95	2,01	34,17	230	71	0	13	20	6	r
1515	II	MP	MP179	20	1246	45,93	168	8,4	62,3	2,3	36,86	280	71	0	13	17	6	r
1579	III	MP	MP179	20	1045	34,29	138	6,9	52,25	1,71	32,81	255	64	0	12	19	6	r
1147	I	MP	MP18	20	489	26,01	205	10,25	24,45	1,3	53,19	250	87	0	13	19	2	w
1269	II	MP	MP18	20	419	25,94	196	9,8	20,95	1,3	61,91	270	101	5	12	18	2	w
1598	III	MP	MP18	20	525	26,29	180	9	26,25	1,31	50,08	260	96	0	12	18	2	w
1145	I	MP	MP180	20	518	24,54	149	7,45	25,9	1,23	47,37	190	78	0	16	19	2	r
1309	II	MP	MP180	20	529	27,16	155	7,75	26,45	1,36	51,34	200	64	0	13	17	2	r
1575	III	MP	MP180	20	390	20,68	155	7,75	19,5	1,03	53,03	195	65	0	15	19	2	r
1107	I	MP	MP181	10	257	14,27	75	7,5	25,7	1,43	55,53	300	100	0	12	19	2	w
1430	II	MP	MP181	20	498	24,36	140	7	24,9	1,22	48,92	200	93	0	12	17	2	w
1740	III	MP	MP181	20	467	22,84	130	6,5	23,35	1,14	48,91	250	101	0	12	18	2	w
1233	I	MP	MP182	19	447	20,96	123	6,47	23,53	1,1	46,89	300	88	4	12	17	2	w
1327	II	MP	MP182	20	451	20,94	122	6,1	22,55	1,05	46,43	200	83	0	9	16	2	w
1651	III	MP	MP182	20	446	20,22	130,5	6,53	22,3	1,01	45,34	250	79	0	10	16	2	w
1103	I	MP	MP183	20	513	21,01	136	6,8	25,65	1,05	40,96	200	67	0	16	19	2	r
1396	II	MP	MP183	20	549	26,17	154	7,7	27,45	1,31	47,67	250	62	0	16	19	2	r
1552	III	MP	MP183	20	496	20,8	141	7,05	24,8	1,04	41,94	225	76	0	16	19	2	r
1097	I	MP	MP184	19	445	21,11	125	6,58	23,42	1,11	47,44	250	88	0	11	17	2	w
1419	II	MP	MP184	20	459	21,22	137	6,85	22,95	1,06	46,23	290	79	0	12	16	2	w
1749	III	MP	MP184	20	450	21,2	130	6,5	22,5	1,06	47,11	270	89	0	11	16	2	w
1116	I	MP	MP185	20	379	19,69	133	6,65	18,95	0,98	51,95	240	87	0	15	21	2	w
1322	II	MP	MP185	20	344	18,59	139	6,95	17,2	0,93	54,04	270	90	0	13	17	2	w
1524	III	MP	MP185	20	369	20,76	145	7,25	18,45	1,04	56,26	255	95	0	15	19	2	w
1122	I	MP	MP186	20	1137	32,92	142	7,1	56,85	1,65	28,95	220	76	0	15	19	6	r
1363	II	MP	MP186	20	1299	41,14	158	7,9	64,95	2,06	31,67	260	77	0	16	18	6	r
1694	III	MP	MP186	20	1123	35,15	151	7,55	56,15	1,76	31,3	240	64	0	16	19	6	r
1125	I	MP	MP187	19	901	26,75	127	6,68	47,42	1,41	29,69	310	68	0	16	19	6	r
1326	II	MP	MP187	20	999	31,34	113	5,65	49,95	1,57	31,37	230	62	0	15	19	6	r
1699	III	MP	MP187	20	976	28,54	120	6	48,8	1,43	29,24	270	68	0	16	19	6	r
1121	I	MP	MP188	20	1330	43,15	146	7,3	66,5	2,16	32,44	290	77	0	15	21	6	w
1264	II	MP	MP188	20	1367	41,81	153	7,65	68,35	2,09	30,59	290	84	0	15	22	6	w
1709	III	MP	MP188	20	1385	45,67	150	7,5	69,25	2,28	32,97	290	80	0	15	19	6	w
1158	I	MP	MP189	20	1146	34,97	166,5	8,33	57,3	1,75	30,51	300	66	0	13	19	6	r
1275	II	MP	MP189	20	1044	29,65	150	7,5	52,2	1,48	28,4	260	54	0	14	19	6	r
1714	III	MP	MP189	20	1031	29,97	137,5	6,88	51,55	1,5	29,07	280	58	0	16	19	6	r
1058	I	MP	MP19	20	1196	39,34	126	6,3	59,8	1,97	32,89	250	84	0	12	17	6	w
1298	II	MP	MP19	20	990	31,31	121,5	6,08	49,5	1,57	31,63	220	73	2	10	17	6	w
1567	III	MP	MP19	20	1004	33,29	114	5,7	50,2	1,66	33,16	235	88	1	10	18	6	w
1180	I	MP	MP190	20	1118	32,49	113	5,65	55,9	1,62	29,06	200	80	0	13	19	6	w
1255	I	MP	MP190	20	919	28,98	126	6,3	45,95	1,45	31,53	250	80	0	13	19	6	w
1632	III	MP	MP190	21	991	30,09	108	5,14	47,19	1,43	30,36	225	80	0	14	22	6	w
1210	I	MP	MP191	20	1341	44,3	112,5	5,63	67,05	2,22	33,04	120	78	0	15	21	6	r
1463	II	MP	MP191	20	1109	35,12	113,5	5,68	55,45	1,76	31,67	180	74	0	12	17	6	r
1589	III	MP	MP191	20	952	27,51	114	5,7	47,6	1,38	28,9	150	69	1	13	18	6	r
1247	II	MP	MP193	20	956	27,46	113	5,65	47,8	1,37	28,72	250	70	0	14	19	6	r
1493	II	MP	MP193	20	975	28,65	125	6,25	48,75	1,43	29,38	280	58	0	13	17	6	r
1641	III	MP	MP193	20	962	32,69	110	5,5	48,1	1,63	33,98	215	68	0	15	21	6	r
1088	I	MP	MP194	20	923	29,37	109	5,45	46,15	1,47	31,82	190	76	0	16	20	6	w
1370	II	MP	MP194	20	1273	43,73	134	6,7	63,65	2,19	34,35	210	69	0	14	18	6	w
1692	III	MP	MP194	20	1179	43,03	125	6,25	58,95	2,15	36,5	200	77	0	14	17	6	w
1112	I	MP	MP195	20	1295	40,43	131	6,55	64,75	2,02	31,22	350	86	5	10	18	6	w
1459	II	MP	MP195	20	1235	39,18	127	6,35	61,75	1,96	31,72	240	79	0	13	17	6	w
1592	III	MP	MP195	20	1277	39,99	125	6,25	63,85	2	31,32	280	75	2	11	17	6	w
993	I	MP	MP196	20	512	24,26	142	7,1	25,6	1,21	47,38	250	89	0	14	19	2	w
1431	II	MP	MP196	20	389	21,77	143	7,15	19,45	1,09	55,96	210	72	0	14	19	2	w
1790	III	MP	MP196	20	485	23,25	130	6,5	24,25	1,16	47,94	230	78	0	14	19	2	w
987	I	MP	MP197	20	1053	33,98	138	6,9	52,65	1,7	32,27	350	65	0	14	19	6	r
1483	II	MP	MP197	20	897	27,46	131	6,55	44,85	1,37	30,61	240	73	0	14	18	6	r
1537	III	MP	MP197	20	921	30,41	125	6,25	46,05	1,52	33,02	295	80	0	13	18	6	r
1123	I	MP	MP198	20	1155	34,24	113	5,65	57,75	1,71	29,65	240	59	0	17	21	6	r
1332	II	MP	MP198	20	1148	35,47	113	5,65	57,4	1,77	30,9	180	57	0	16	21	6	r
1562	III	MP	MP198	19	863	26,48	101	5,32	45,42	1,39	30,68	210	62	0	15	21	6	r
1100	I	MP	MP199	20	1131	37,77	120	6	56,55	1,89	33,4	300	88	0	13	17	6	w
1475	II	MP	MP199	20	1138	38,61	118	5,9	56,9	1,93	33,93	320	77	0	13	16	6	w
1753	III	MP	MP199	20	1122	36,37	124	6,2	56,1	1,82	32,42	310	73	0	13	19	6	w
1021	I	MP	MP2	20	430	20,58	193	9,65	21,5	1,03	47,86	300	72	0	14	18	2	r
1508	II	MP	MP2	20	428	19,05	179	8,95	21,4	0,95	44,51	250	70	0	12	18	2	r
1751	III	MP	MP2	20	422	17,92	146	7,3	21,1	0,9	42,46	275	70	0	13	18	2	r
1141	I	MP	MP20	18	830	20,42	105,5	5,86	46,11	1,13	24,6	210	70	0	19	22	6	r
1260	II	MP	MP20	20	1187	35,88	118	5,9	59,35	1,79	30,23	200	63	0	16	21	6	r
1528	III	MP	MP20	20	905	25,43	97	4,85	45,25	1,27	28,1	205	62	0	16	22	6	r
1092	I	MP	MP200	20	445	21,51	161	8,05	22,25	1,08	48,34	150	81	1	13	19	2	w
1288	II	MP	MP200	20	483	23,25	184	9,2	24,15	1,16	48,14	200	74	0	12	17	2	w
1719	III	MP	MP200	20	496	24,81	175	8,75	24,8	1,24	50,02	175	89	0	12	18	2	w
1138	I	MP	MP201	20	533	27,06	195	9,75	26,65	1,35	50,77	190	90	4	13	19	2	w
1495	II	MP	MP201	20	663	28,73	208	10,4	33,15	1,44	43,33	280	94	1	13	18	2	w
1568	III	MP	MP201	21	553	29,37	229	10,9	26,33	1,4	53,11	235	95	0	14	19	2	w
1079	I	MP	MP202	20	330	16,59	129	6,45	16,5	0,83	50,27	300	100	4	13	21	2	w
1513	II	MP	MP202	20	415	24,25	137	6,85	20,75	1,21	58,43	250	88	0	15	19	2	w
1569	III	MP	MP202	21	398	21,8	138	6,57	18,95	1,04	54,77	275	94	0	12	19	2	w
1000	I	MP	MP203	20	1024	34,61	109,5	5,48	51,2	1,73	33,8	250	85	1	10	19	6	w
1477	II	MP	MP203	20	1284	46,72	133,5	6,68	64,2	2,34	36,39	190	86	2	11	17	6	w
1539	III	MP	MP203	20	1122	41,14	130	6,5	56,1	2,06	36,67	220	84	4	11	18	6	w
1035	I	MP	MP204	20	470	24,14	108	5,4	23,5	1,21	51,36	150	84	0	13	17	2	w
1441	II	MP	MP204	20	489	24,27	117,5	5,88	24,45	1,21	49,63	200	89	0	14	19	2	w
1723	III	MP	MP204	20	475	23,5	120	6	23,75	1,18	49,47	175	79	0	16	19	2	w
1245	I	MP	MP205	20	1263	49,71	161	8,05	63,15	2,49	39,36	200	74	0	15	21	6	r
1364	II	MP	MP205	20	1154	35,14	158,5	7,93	57,7	1,76	30,45	260	75	0	15	18	6	r
1718	III	MP	MP205	20	1017	32,27	139	6,95	50,85	1,61	31,73	230	70	0	16	19	6	r
1012	I	MP	MP206	20	1044	27,15	140	7	52,2	1,36	26,01	250	67	0	16	22	6	r
1440	II	MP	MP206	20	1012	28,66	151	7,55	50,6	1,43	28,32	280	73	0	16	19	6	r
1734	III	MP	MP206	20	1054	25,93	132	6,6	52,7	1,3	24,6	265	62	0	15	18	6	r
1177	I	MP	MP207	20	1187	34,4	151	7,55	59,35	1,72	28,98	300	80	0	16	21	6	r
1289	II	MP	MP207	20	942	25,58	128	6,4	47,1	1,28	27,15	250	89	0	14	18	6	r
1574	III	MP	MP207	20	1025	30,45	130	6,5	51,25	1,52	29,71	275	85	0	14	18	6	r
1139	I	MP	MP21	20	495	24,94	183	9,15	24,75	1,25	50,38	200	94	4	13	19	2	w
1481	II	MP	MP21	20	535	24,86	190	9,5	26,75	1,24	46,47	240	93	2	14	18	2	w
1543	III	MP	MP21	20	520	27,14	184	9,2	26	1,36	52,19	220	90	5	13	19	2	w
1207	I	MP	MP23	20	470	26,89	150	7,5	23,5	1,34	57,21	210	94	0	15	22	2	w
1331	II	MP	MP23	20	454	25,36	149	7,45	22,7	1,27	55,86	220	82	0	12	17	2	w
1541	III	MP	MP23	20	463	26,44	147	7,35	23,15	1,32	57,11	215	103	0	13	18	2	w
1137	I	MP	MP24	20	1278	53,53	137	6,85	63,9	2,68	41,89	250	90	3	13	19	6	w
1267	II	MP	MP24	20	1287	53,76	128	6,4	64,35	2,69	41,77	180	89	5	14	19	6	w
1580	III	MP	MP24	20	1266	49,42	103	5,15	63,3	2,47	39,04	215	85	0	13	18	6	w
1179	I	MP	MP25	20	1122	36,11	112	5,6	56,1	1,81	32,18	270	81	1	13	21	6	w
1301	II	MP	MP25	20	1165	37,35	115	5,75	58,25	1,87	32,06	300	91	0	12	16	6	w
1603	III	MP	MP25	20	1237	44,86	111	5,55	61,85	2,24	36,27	285	75	0	13	19	6	w
986	I	MP	MP26	20	435	20,19	160,5	8,03	21,75	1,01	46,41	300	73	0	14	19	2	r
1491	II	MP	MP26	20	419	19,5	165	8,25	20,95	0,98	46,54	320	70	0	14	19	2	r
1767	III	MP	MP26	20	444	20,89	170	8,5	22,2	1,04	47,05	175	63	0	13	19	2	r
1094	I	MP	MP27	20	439	18,94	161	8,05	21,95	0,95	43,14	300	71	0	12	18	2	r
1444	II	MP	MP27	20	472	21,59	173	8,65	23,6	1,08	45,74	230	76	0	15	19	2	r
1737	III	MP	MP27	20	459	19,56	170	8,5	22,95	0,98	42,61	265	80	0	13	19	2	r
1002	I	MP	MP28	20	1237	43,19	170	8,5	61,85	2,16	34,92	350	66	0	15	19	6	r
1465	II	MP	MP28	20	902	27,48	131	6,55	45,1	1,37	30,47	250	70	0	15	18	6	r
1762	III	MP	MP28	20	1185	38,14	162	8,1	59,25	1,91	32,19	275	70	0	13	19	6	r
1052	I	MP	MP3	20	1075	32,9	163	8,15	53,75	1,65	30,6	300	70	0	13	17	6	r
1325	II	MP	MP3	20	1172	38,46	157	7,85	58,6	1,92	32,82	350	63	0	12	17	6	r
1620	III	MP	MP3	20	1160	37,06	145	7,25	58	1,85	31,95	275	62	0	12	16	6	r
1144	I	MP	MP30	20	570	29,93	211	10,55	28,5	1,5	52,51	210	94	1	13	19	2	w
1314	II	MP	MP30	20	573	31,13	208	10,4	28,65	1,56	54,33	280	80	3	13	19	2	w
1540	III	MP	MP30	20	408	23,73	197	9,85	20,4	1,19	58,16	245	86	5	15	19	2	w
985	I	MP	MP31	20	454	24,03	132	6,6	22,7	1,2	52,93	300	78	0	12	17	2	w
1406	II	MP	MP31	20	378	22,59	131,5	6,58	18,9	1,13	59,76	200	73	0	12	18	2	w
1761	III	MP	MP31	20	441	23,68	125	6,25	22,05	1,18	53,7	240	69	0	12	17	2	w
1140	I	MP	MP32	20	492	21,89	152,5	7,63	24,6	1,09	44,49	250	71	0	19	22	2	r
1261	II	MP	MP32	20	495	26,22	153,5	7,68	24,75	1,31	52,97	280	72	0	16	22	2	r
1534	III	MP	MP32	20	497	26,9	148	7,4	24,85	1,35	54,12	265	77	0	16	21	2	r
980	I	MP	MP33	20	501	27,82	159,5	7,98	25,05	1,39	55,53	350	77	0	14	19	2	w
1473	II	MP	MP33	20	485	25,9	177	8,85	24,25	1,3	53,4	310	84	0	14	19	2	w
1776	III	MP	MP33	20	495	26,5	170	8,5	24,75	1,33	53,54	280	78	0	13	19	2	w
1048	I	MP	MP34	20	430	18,25	150	7,5	21,5	0,91	42,44	300	74	0	13	19	2	r
1405	II	MP	MP34	20	424	18,11	142	7,1	21,2	0,91	42,71	400	70	0	12	18	2	r
1748	III	MP	MP34	20	428	15,96	154,5	7,73	21,4	0,8	37,29	350	74	2	12	18	2	r
1113	I	MP	MP35	20	1187	39,02	120	6	59,35	1,95	32,87	250	72	0	13	19	6	r
1404	II	MP	MP35	20	1131	37,16	118	5,9	56,55	1,86	32,86	240	59	0	13	18	6	r
1721	III	MP	MP35	20	1015	32,25	115	5,75	50,75	1,61	31,77	245	68	0	11	18	6	r
1024	I	MP	MP36	20	498	26,84	151	7,55	24,9	1,34	53,9	250	78	0	11	18	2	w
1457	II	MP	MP36	20	479	26,5	158	7,9	23,95	1,33	55,32	200	84	0	12	16	2	w
1724	III	MP	MP36	20	458	26,37	146	7,3	22,9	1,32	57,58	225	73	0	14	20	2	w
1045	I	MP	MP37	20	424	20,66	126	6,3	21,2	1,03	48,73	200	79	0	8	17	2	w
1470	II	MP	MP37	20	447	23,2	146,5	7,33	22,35	1,16	51,9	250	81	0	7	19	2	w
1764	III	MP	MP37	20	436	21,75	135	6,75	21,8	1,09	49,89	225	78	0	8	16	2	w
1060	I	MP	MP38	20	1330	49,94	145	7,25	66,5	2,5	37,55	150	70	2	13	17	6	w
1280	II	MP	MP38	20	1321	52,06	141	7,05	66,05	2,6	39,41	150	87	3	12	18	6	w
1583	III	MP	MP38	20	1258	44,86	141	7,05	62,9	2,24	35,66	150	75	0	13	19	6	w
1164	I	MP	MP39	20	1238	46,38	165	8,25	61,9	2,32	37,46	300	78	0	16	19	6	w
1290	II	MP	MP39	20	1153	41,96	155	7,75	57,65	2,1	36,39	200	68	0	16	19	6	w
1526	III	MP	MP39	20	1108	38,21	138	6,9	55,4	1,91	34,49	250	73	0	16	19	6	w
994	I	MP	MP40	20	493	24,75	139,5	6,98	24,65	1,24	50,2	300	85	0	10	17	2	w
1432	II	MP	MP40	20	450	21,6	132	6,6	22,5	1,08	48	300	83	0	12	16	2	w
1671	III	MP	MP40	20	475	23,1	135	6,75	23,75	1,16	48,63	300	77	0	11	17	2	w
1330	II	MP	MP42	20	505	25,43	137	6,85	25,25	1,27	50,36	250	85	0	11	17	2	w
1507	II	MP	MP42	20	480	25,37	139	6,95	24	1,27	52,85	300	82	1	11	16	2	w
1664	III	MP	MP42	20	493	25,4	130	6,5	24,65	1,27	51,52	275	86	1	10	16	2	w
1149	I	MP	MP44	20	352	18,85	139	6,95	17,6	0,94	53,55	240	99	0	14	19	2	w
1253	II	MP	MP44	20	454	25,46	114,5	5,73	22,7	1,27	56,08	250	87	1	14	18	2	w
1702	III	MP	MP44	20	377	20,74	154	7,7	18,85	1,04	55,01	195	95	2	14	19	2	w
1044	I	MP	MP45	20	491	21,95	136,5	6,83	24,55	1,1	44,7	200	90	0	11	18	2	w
1456	II	MP	MP45	20	466	19,83	145	7,25	23,3	0,99	42,55	220	98	0	11	17	2	w
1766	III	MP	MP45	20	481	18,9	140	7	24,05	0,95	39,29	210	83	0	11	17	2	w
1110	I	MP	MP46	20	316	16,49	137	6,85	15,8	0,82	52,18	200	100	0	13	21	2	w
1452	II	MP	MP46	20	331	17,4	125	6,25	16,55	0,87	52,57	250	90	0	13	19	2	w
1733	III	MP	MP46	20	325	16,99	130	6,5	16,25	0,85	52,28	225	87	0	13	18	2	w
1104	I	MP	MP47	20	481	20,01	153	7,65	24,05	1	41,6	330	74	0	12	18	2	r
1454	II	MP	MP47	20	453	18,14	160	8	22,65	0,91	40,04	290	75	0	12	17	2	r
1744	III	MP	MP47	20	464	19,77	156	7,8	23,2	0,99	42,61	310	80	0	13	19	2	r
1010	I	MP	MP48	20	1090	40,8	148,5	7,43	54,5	2,04	37,43	400	70	0	15	20	6	r
1474	II	MP	MP48	20	1254	47,62	167	8,35	62,7	2,38	37,97	270	67	0	14	18	6	r
1759	III	MP	MP48	20	1115	43,75	159	7,95	55,75	2,19	39,24	335	70	0	15	18	6	r
1087	I	MP	MP49	20	1189	38,76	100	5	59,45	1,94	32,6	150	87	0	12	17	2	w
1252	II	MP	MP49	20	1200	39,53	91,5	4,58	60	1,98	32,94	200	84	0	14	18	2	w
1700	III	MP	MP49	20	1328	42,15	88	4,4	66,4	2,11	31,74	175	83	0	14	17	2	w
1004	I	MP	MP5	20	408	18,69	114	5,7	20,4	0,93	45,81	250	69	0	15	19	2	r
1438	II	MP	MP5	20	539	23,17	129	6,45	26,95	1,16	42,99	250	70	0	14	19	2	r
1725	III	MP	MP5	20	451	22,78	153	7,65	22,55	1,14	50,51	250	63	0	14	19	2	r
1166	I	MP	MP50	20	1163	33,71	159	7,95	58,15	1,69	28,99	320	69	0	18	20	6	r
1320	II	MP	MP50	20	922	24,72	163	8,15	46,1	1,24	26,81	300	66	0	14	18	6	r
1687	III	MP	MP50	20	1288	38,24	175,5	8,78	64,4	1,91	29,69	310	62	0	16	18	6	r
1169	I	MP	MP51	20	480	25,37	136	6,8	24	1,27	52,85	180	76	0	12	17	2	w
1308	II	MP	MP51	20	511	26,24	153	7,65	25,55	1,31	51,35	250	85	0	13	16	2	w
1615	III	MP	MP51	20	499	25,99	140	7	24,95	1,3	52,08	215	81	0	12	17	2	w
1078	I	MP	MP52	20	996	29,41	124	6,2	49,8	1,47	29,53	210	85	2	12	16	6	w
1283	II	MP	MP52	20	934	25,09	114	5,7	46,7	1,25	26,86	200	74	3	11	17	6	w
1582	III	MP	MP52	20	942	26	115	5,75	47,1	1,3	27,6	205	79	1	11	18	6	w
1176	I	MP	MP53	20	529	26,81	215	10,75	26,45	1,34	50,68	280	84	0	15	19	2	r
1319	II	MP	MP53	20	505	23,81	192	9,6	25,25	1,19	47,15	220	80	0	14	18	2	r
1599	III	MP	MP53	20	468	23,62	196	9,8	23,4	1,18	50,47	250	77	0	13	19	2	r
1032	I	MP	MP54	20	562	27,98	140	7	28,1	1,4	49,79	200	56	0	17	21	2	r
1416	II	MP	MP54	20	549	26,55	137,5	6,88	27,45	1,33	48,36	240	60	0	15	21	2	r
1777	III	MP	MP54	20	527	25,12	132	6,6	26,35	1,26	47,67	220	53	0	16	21	2	r
1151	I	MP	MP55	20	370	19,65	137,5	6,88	18,5	0,98	53,11	260	94	0	15	21	2	w
1272	II	MP	MP55	20	390	21,68	148	7,4	19,5	1,08	55,59	250	97	0	15	18	2	w
1578	III	MP	MP55	20	380	20,55	140	7	19	1,03	54,08	255	84	0	14	19	2	w
1027	I	MP	MP56	20	388	16,43	168	8,4	19,4	0,82	42,35	200	62	0	12	19	2	r
1494	II	MP	MP56	20	422	18,97	158	7,9	21,1	0,95	44,95	250	72	0	13	18	2	r
1675	III	MP	MP56	20	401	17,2	163	8,15	20,05	0,86	42,89	225	63	0	12	18	2	r
989	I	MP	MP57	20	530	27,78	148	7,4	26,5	1,39	52,42	250	71	0	15	19	2	r
1398	II	MP	MP57	20	522	26,61	143	7,15	26,1	1,33	50,98	320	73	0	15	21	2	r
1657	III	MP	MP57	20	501	25,41	145	7,25	25,05	1,27	50,72	285	56	0	16	22	2	r
1015	I	MP	MP58	20	435	19,79	116	5,8	21,75	0,99	45,49	300	65	0	14	19	2	r
1434	II	MP	MP58	20	434	19,76	139,5	6,98	21,7	0,99	45,53	240	63	0	15	19	2	r
1735	III	MP	MP58	19	410	18,83	130,5	6,87	21,58	0,99	45,93	250	66	0	13	18	2	r
1050	I	MP	MP59	20	482	23,56	177	8,85	24,1	1,18	48,88	300	72	0	14	18	2	r
1293	II	MP	MP59	20	416	23,77	167	8,35	20,8	1,19	57,14	250	76	0	12	18	2	r
1613	III	MP	MP59	20	409	19,08	158	7,9	20,45	0,95	46,65	275	67	0	13	18	2	r
1030	I	MP	MP6	20	365	18,04	139	6,95	18,25	0,9	49,42	250	59	0	13	17	2	r
1458	II	MP	MP6	20	332	16,48	136	6,8	16,6	0,82	49,64	190	67	0	13	18	2	r
1727	III	MP	MP6	20	351	17	137	6,85	17,55	0,85	48,43	220	62	0	14	19	2	r
982	I	MP	MP60	20	1386	41,23	121	6,05	69,3	2,06	29,75	150	50	0	19	22	6	r
1422	II	MP	MP60	20	1207	32,28	111,5	5,58	60,35	1,61	26,74	100	45	0	17	23	6	r
1778	III	MP	MP60	20	1191	33,46	102,5	5,13	59,55	1,67	28,09	125	47	0	16	22	6	r
1082	I	MP	MP61	20	1085	34,65	120	6	54,25	1,73	31,94	170	70	0	16	22	6	r
1313	II	MP	MP61	20	1275	47,01	115	5,75	63,75	2,35	36,87	230	71	0	19	23	6	r
1715	III	MP	MP61	20	1171	34,19	111	5,55	58,55	1,71	29,2	200	66	0	16	21	6	r
1170	I	MP	MP62	20	509	25,58	194	9,7	25,45	1,28	50,26	280	64	0	13	19	2	r
1292	II	MP	MP62	20	506	24,22	187	9,35	25,3	1,21	47,87	300	64	0	13	18	2	r
1521	III	MP	MP62	20	493	24,33	179	8,95	24,65	1,22	49,35	290	62	0	13	19	2	r
1183	I	MP	MP63	20	1244	40,51	128	6,4	62,2	2,03	32,56	210	66	0	14	19	6	r
1258	II	MP	MP63	20	1159	36,14	109	5,45	57,95	1,81	31,18	220	63	0	19	24	6	r
1611	III	MP	MP63	20	1099	34,36	114	5,7	54,95	1,72	31,26	215	62	0	16	22	6	r
1065	I	MP	MP64	20	1115	38,48	161	8,05	55,75	1,92	34,51	200	74	5	14	22	6	w
1287	II	MP	MP64	20	1014	29,13	143	7,15	50,7	1,46	28,73	170	78	3	12	16	6	w
1593	III	MP	MP64	20	1068	40,78	153	7,65	53,4	2,04	38,18	185	82	5	14	19	6	w
1182	I	MP	MP65	20	491	25,07	173	8,65	24,55	1,25	51,06	200	93	0	12	19	2	w
1317	II	MP	MP65	20	460	22,79	164	8,2	23	1,14	49,54	300	94	0	12	17	2	w
1607	III	MP	MP65	20	481	25,56	171	8,55	24,05	1,28	53,14	250	86	0	11	18	2	w
1099	I	MP	MP66	20	389	21,3	121	6,05	19,45	1,07	54,76	140	70	0	19	23	2	r
1446	II	MP	MP66	20	401	22,56	129	6,45	20,05	1,13	56,26	170	68	0	16	21	2	r
1781	III	MP	MP66	20	367	20,84	130,5	6,53	18,35	1,04	56,78	155	70	0	15	21	2	r
1020	I	MP	MP67	20	460	25,54	128	6,4	23	1,28	55,52	250	93	3	13	18	2	w
1442	II	MP	MP67	20	444	23,51	119	5,95	22,2	1,18	52,95	200	86	0	16	20	2	w
1746	III	MP	MP67	20	456	24,01	120	6	22,8	1,2	52,65	225	89	0	14	21	2	w
1003	I	MP	MP68	20	494	25,79	152,5	7,63	24,7	1,29	52,21	200	87	0	14	18	2	w
1445	II	MP	MP68	20	509	26,65	146,5	7,33	25,45	1,33	52,36	150	74	0	13	18	2	w
1760	III	MP	MP68	20	485	25,78	142	7,1	24,25	1,29	53,15	175	79	0	11	17	2	w
984	I	MP	MP69	19	1191	43,73	156	8,21	62,68	2,3	36,72	350	66	0	18	20	6	r
1447	II	MP	MP69	20	1340	44,11	158	7,9	67	2,21	32,92	300	69	0	19	21	6	r
1653	III	MP	MP69	20	1084	38,98	132	6,6	54,2	1,95	35,96	325	65	0	16	19	6	r
1031	I	MP	MP7	20	528	24,38	151	7,55	26,4	1,22	46,17	100	73	0	15	18	2	w
1498	II	MP	MP7	20	491	22,38	145	7,25	24,55	1,12	45,58	170	73	0	13	19	2	w
1643	III	MP	MP7	20	506	23,67	157	7,85	25,3	1,18	46,78	135	79	0	12	18	2	w
990	I	MP	MP70	20	1141	33,01	123	6,15	57,05	1,65	28,93	250	74	0	14	19	6	w
1421	II	MP	MP70	20	1423	48,08	143,5	7,18	71,15	2,4	33,79	190	62	0	17	21	6	w
1750	III	MP	MP70	20	1163	38,33	112	5,6	58,15	1,92	32,96	220	68	1	14	19	6	w
1089	I	MP	MP71	20	1024	39,98	118	5,9	51,2	2	39,04	200	86	1	11	17	6	w
1295	II	MP	MP71	20	866	31,3	99,5	4,98	43,3	1,57	36,14	200	82	0	10	17	6	w
1635	III	MP	MP71	21	1156	43,85	127	6,05	55,05	2,09	37,93	200	83	2	11	17	6	w
1073	I	MP	MP72	20	1111	40,15	120	6	55,55	2,01	36,14	240	89	3	14	20	6	w
1271	II	MP	MP72	20	1191	42,29	124	6,2	59,55	2,11	35,51	200	83	0	14	17	6	w
1637	III	MP	MP72	20	1210	42,69	127	6,35	60,5	2,13	35,28	220	83	0	15	19	6	w
1172	I	MP	MP73	20	1102	32,8	123	6,15	55,1	1,64	29,76	230	71	0	12	18	6	r
1305	II	MP	MP73	20	1164	36,54	120,5	6,03	58,2	1,83	31,39	300	63	0	12	19	6	r
1631	III	MP	MP73	20	743	21,21	113	5,65	37,15	1,06	28,55	265	65	0	12	17	6	r
1095	I	MP	MP74	20	1014	39,18	138	6,9	50,7	1,96	38,64	200	65	0	14	19	6	r
1497	II	MP	MP74	20	1251	42,59	145	7,25	62,55	2,13	34,04	240	60	0	15	20	6	r
1656	III	MP	MP74	20	1105	40,85	140	7	55,25	2,04	36,97	220	56	0	16	19	6	r
1040	I	MP	MP75	20	1165	40,41	167	8,35	58,25	2,02	34,69	250	65	0	17	21	6	r
1420	II	MP	MP75	20	1139	37,67	163	8,15	56,95	1,88	33,07	250	64	0	17	19	6	r
1654	III	MP	MP75	20	1100	38,91	141	7,05	55	1,95	35,37	250	60	0	16	19	6	r
1051	I	MP	MP76	19	1150	40,91	155	8,16	60,53	2,15	35,57	200	87	1	12	18	6	w
1306	II	MP	MP76	20	1139	41,49	148	7,4	56,95	2,07	36,43	260	82	2	13	18	6	w
1689	III	MP	MP76	20	1251	46,99	161	8,05	62,55	2,35	37,56	230	87	3	14	19	6	w
1153	I	MP	MP77	20	1220	48,56	162	8,1	61	2,43	39,8	200	100	4	13	20	6	w
1505	II	MP	MP77	20	1243	51,01	176	8,8	62,15	2,55	41,04	200	90	2	13	16	6	w
1604	III	MP	MP77	21	1210	47,92	107	5,1	57,62	2,28	39,6	200	90	5	13	19	6	w
1143	I	MP	MP78	20	1248	40,78	160	8	62,4	2,04	32,68	300	96	0	11	18	6	w
1266	II	MP	MP78	20	1380	45,2	172,5	8,63	69	2,26	32,75	250	91	3	11	17	6	w
1581	III	MP	MP78	20	1071	33,96	139	6,95	53,55	1,7	31,71	275	87	0	10	17	6	w
1014	I	MP	MP79	20	1032	32,32	137	6,85	51,6	1,62	31,32	250	65	0	15	20	6	r
1489	II	MP	MP79	20	965	32,83	111	5,55	48,25	1,64	34,02	200	58	0	14	18	6	r
1745	III	MP	MP79	20	1001	32,67	120	6	50,05	1,63	32,64	225	72	1	14	20	6	r
1056	I	MP	MP8	20	461	23,52	128	6,4	23,05	1,18	51,02	150	60	0	15	19	2	r
1518	II	MP	MP8	20	537	28,17	133	6,65	26,85	1,41	52,46	200	63	0	16	21	2	r
1545	III	MP	MP8	20	557	29,75	142	7,1	27,85	1,49	53,41	175	76	0	16	21	2	r
1036	I	MP	MP80	20	1149	39,06	129	6,45	57,45	1,95	33,99	250	82	1	10	17	6	w
1399	II	MP	MP80	20	1068	38,17	107	5,35	53,4	1,91	35,74	280	90	1	12	17	6	w
1741	III	MP	MP80	20	1106	38,56	120	6	55,3	1,93	34,86	265	95	2	10	16	6	w
996	I	MP	MP81	20	1313	43,39	136,5	6,83	65,65	2,17	33,05	300	59	0	19	22	6	r
1401	II	MP	MP81	20	1094	34,08	124,5	6,23	54,7	1,7	31,15	250	59	0	17	23	6	r
1732	III	MP	MP81	20	1117	39,72	138	6,9	55,85	1,99	35,56	275	46	0	16	22	6	r
1033	I	MP	MP82	20	1149	32,12	118	5,9	57,45	1,61	27,95	250	77	0	13	18	6	w
1449	II	MP	MP82	20	1204	34,89	112	5,6	60,2	1,74	28,98	310	80	0	15	21	6	w
1772	III	MP	MP82	20	1265	36,01	120	6	63,25	1,8	28,47	280	70	0	12	18	6	w
983	I	MP	MP83	20	1376	45,71	117	5,85	68,8	2,29	33,22	150	46	0	19	22	6	r
1437	II	MP	MP83	20	1294	39,56	113	5,65	64,7	1,98	30,57	130	57	0	19	24	6	r
1731	III	MP	MP83	20	1360	47,23	113	5,65	68	2,36	34,73	140	47	0	19	23	6	r
1083	I	MP	MP84	20	945	31,09	131	6,55	47,25	1,55	32,9	190	100	4	12	19	6	w
1268	II	MP	MP84	20	1266	44,28	130	6,5	63,3	2,21	34,98	220	100	5	15	18	6	w
1576	III	MP	MP84	20	1277	47,3	125	6,25	63,85	2,37	37,04	205	78	0	12	18	6	w
1156	I	MP	MP86	20	499	24,81	136	6,8	24,95	1,24	49,72	260	106	4	10	16	2	w
1300	II	MP	MP86	20	484	24,06	128	6,4	24,2	1,2	49,71	250	96	3	11	17	2	w
1629	III	MP	MP86	20	474	22,57	125	6,25	23,7	1,13	47,62	255	92	2	10	16	2	w
1154	I	MP	MP87	20	1065	33,97	131	6,55	53,25	1,7	31,9	200	63	0	18	22	6	r
1315	II	MP	MP87	20	1344	45,65	138,5	6,93	67,2	2,28	33,97	200	64	0	19	24	6	r
1716	III	MP	MP87	20	1250	37,18	126	6,3	62,5	1,86	29,74	200	57	0	16	21	6	r
1062	I	MP	MP88	20	1031	38,44	161	8,05	51,55	1,92	37,28	220	70	0	15	19	6	r
1256	I	MP	MP88	20	1239	45,84	120	6	61,95	2,29	37	210	66	0	14	22	6	r
1698	III	MP	MP88	20	1129	41,58	140	7	56,45	2,08	36,83	215	66	0	16	19	6	r
1171	I	MP	MP89	20	514	29,75	148	7,4	25,7	1,49	57,88	240	87	0	13	20	2	w
1303	II	MP	MP89	20	525	30,78	152	7,6	26,25	1,54	58,63	320	83	0	12	16	2	w
1616	III	MP	MP89	20	532	31,08	166	8,3	26,6	1,55	58,42	230	79	0	13	18	2	w
1111	I	MP	MP9	20	502	22,12	181	9,05	25,1	1,11	44,06	260	86	0	12	19	2	w
1486	II	MP	MP9	20	467	22,37	183,5	9,18	23,35	1,12	47,9	280	76	0	13	17	2	w
1661	III	MP	MP9	20	479	22,29	180	9	23,95	1,11	46,53	270	77	0	12	17	2	w
1090	I	MP	MP90	19	497	24,25	162	8,53	26,16	1,28	48,79	150	74	2	13	18	2	w
1254	II	MP	MP90	20	442	21,86	147	7,35	22,1	1,09	49,46	220	97	0	13	19	2	w
1642	III	MP	MP90	20	507	26,75	158	7,9	25,35	1,34	52,76	185	81	0	13	18	2	w
1018	I	MP	MP91	20	1074	34,73	146	7,3	53,7	1,74	32,34	250	70	0	16	20	6	r
1510	II	MP	MP91	20	1104	35,81	138	6,9	55,2	1,79	32,44	300	74	0	14	19	6	r
1672	III	MP	MP91	20	1101	35,01	140	7	55,05	1,75	31,8	275	63	0	13	18	6	r
1064	I	MP	MP92	19	1166	38,49	111,5	5,87	61,37	2,03	33,01	200	79	0	14	17	6	w
1286	II	MP	MP92	20	1090	31,29	114	5,7	54,5	1,56	28,71	190	67	0	14	19	6	w
1605	III	MP	MP92	20	1153	38,15	119	5,95	57,65	1,91	33,09	195	69	0	16	21	6	w
1102	I	MP	MP93	20	1196	43,89	158	7,9	59,8	2,19	36,7	290	83	3	13	19	6	w
1479	II	MP	MP93	20	1019	32,44	179	8,95	50,95	1,62	31,84	170	85	3	12	17	6	w
1774	III	MP	MP93	20	1341	49,63	182	9,1	67,05	2,48	37,01	230	76	3	13	18	6	w
1019	I	MP	MP95	20	1053	32,1	166	8,3	52,65	1,61	30,48	300	70	0	16	19	6	w
1414	II	MP	MP95	20	1143	37,28	123	6,15	57,15	1,86	32,62	240	67	0	13	18	6	w
1738	III	MP	MP95	20	1101	35,76	148	7,4	55,05	1,79	32,48	270	78	0	13	18	6	w
1174	I	MP	MP96	20	1255	37,06	100	5	62,75	1,85	29,53	150	66	0	18	22	6	w
1277	II	MP	MP96	20	1294	38,46	104	5,2	64,7	1,92	29,72	190	69	0	15	19	6	w
1565	III	MP	MP96	20	1200	35,4	101	5,05	60	1,77	29,5	120	84	0	13	18	6	w
981	I	MP	MP97	20	1295	51,12	138	6,9	64,75	2,56	39,47	150	72	3	15	19	6	w
1397	II	MP	MP97	20	1347	54,35	142	7,1	67,35	2,72	40,35	200	90	1	15	19	6	w
1755	III	MP	MP97	20	1181	40,6	131,5	6,58	59,05	2,03	34,38	175	83	0	14	19	6	w
991	I	MP	MP98	20	1068	32,48	117	5,85	53,4	1,62	30,41	250	68	0	18	22	6	r
1467	II	MP	MP98	20	1101	33,89	120	6	55,05	1,69	30,78	160	59	0	16	22	6	r
1786	III	MP	MP98	20	1013	30,99	119	5,95	50,65	1,55	30,59	205	63	0	16	21	6	r
1157	I	MP	MP99	20	487	24,09	174	8,7	24,35	1,2	49,47	200	98	2	11	17	2	w
1279	II	MP	MP99	20	441	21,46	159	7,95	22,05	1,07	48,66	290	103	0	11	17	2	w
1606	III	MP	MP99	20	390	24,1	171	8,55	19,5	1,21	61,79	245	90	0	9	16	2	w
1009	I	POMO	POMO	20	1258	49,44	105	5,25	62,9	2,47	39,3	250	82	0	15	20	6	w
1409	II	POMO	POMO	20	1320	48,49	109	5,45	66	2,42	36,73	270	85	0	13	16	6	w
1665	III	POMO	POMO	20	1318	49,96	110	5,5	65,9	2,5	37,91	260	80	0	14	17	6	w
